50 367
0 1 357
0 3 317
0 7 477
0 10 71
0 17 340
0 18 607
0 21 305
0 31 783
0 33 911
0 38 86
0 45 654
0 48 798
1 5 725
1 9 763
1 12 968
1 13 820
1 16 390
1 17 95
1 21 870
1 24 231
1 25 73
1 27 732
1 30 342
1 32 72
1 33 637
1 35 893
1 39 664
1 40 764
1 43 805
1 49 220
2 3 376
2 4 450
2 5 162
2 10 213
2 17 139
2 18 873
2 20 465
2 29 592
2 30 926
2 37 930
2 44 847
2 46 656
2 48 874
3 5 835
3 9 114
3 13 266
3 14 562
3 19 362
3 22 566
3 24 664
3 25 867
3 28 963
3 32 595
3 33 841
3 40 345
3 41 810
3 42 909
3 44 244
3 46 418
4 6 606
4 13 91
4 18 581
4 24 301
4 27 192
4 29 307
4 30 796
4 31 937
4 39 726
4 41 720
4 43 77
4 45 214
4 46 189
4 47 131
4 48 80
5 6 698
5 10 835
5 11 350
5 12 894
5 23 32
5 24 581
5 27 528
5 28 282
5 31 677
5 38 775
5 39 370
5 44 478
6 10 53
6 12 472
6 18 447
6 22 720
6 27 77
6 29 95
6 31 544
6 32 419
6 34 51
6 35 544
6 38 834
6 48 31
7 15 697
7 19 881
7 21 336
7 28 925
7 30 52
7 33 63
7 41 896
7 44 112
7 47 526
8 11 400
8 18 267
8 30 59
8 32 49
8 33 445
8 34 804
8 35 782
8 36 595
8 40 863
8 48 409
8 49 534
9 10 852
9 14 343
9 15 667
9 16 343
9 25 410
9 34 18
9 35 368
9 39 86
9 42 70
9 43 910
9 48 950
9 49 237
10 12 82
10 13 871
10 22 768
10 24 338
10 28 82
10 29 935
10 31 565
10 32 739
10 33 171
10 34 406
10 35 264
10 37 276
10 39 42
10 40 911
10 42 345
10 46 654
10 49 354
11 18 354
11 22 977
11 29 621
11 30 600
11 37 421
11 39 936
11 40 75
11 43 639
11 45 160
11 46 760
11 47 513
11 48 582
12 13 882
12 17 699
12 27 280
12 33 662
12 42 223
12 47 175
13 14 95
13 28 464
13 29 950
13 34 117
13 38 773
13 41 160
13 44 138
14 15 13
14 17 126
14 18 401
14 27 553
14 30 131
14 34 671
14 36 618
14 40 404
14 41 523
14 42 611
14 49 870
15 16 19
15 19 619
15 30 538
15 32 895
15 35 954
15 37 639
15 39 789
15 41 159
16 20 48
16 22 523
16 24 957
16 28 934
16 32 613
16 35 177
16 41 479
16 42 834
16 43 757
16 45 728
16 47 561
17 21 37
17 24 561
17 26 502
17 38 28
17 46 429
18 23 361
18 30 93
18 33 429
18 35 311
18 39 892
18 42 669
19 22 39
19 23 231
19 26 589
19 28 192
19 32 288
19 34 15
19 40 509
19 41 637
19 43 438
20 22 955
20 24 193
20 26 533
20 30 729
20 31 364
20 33 601
20 35 132
20 39 168
20 40 548
20 45 515
21 22 699
21 24 962
21 25 392
21 31 252
21 37 528
21 41 828
21 42 633
21 43 837
21 44 156
21 46 706
21 49 767
22 28 954
22 35 266
22 48 693
23 25 942
23 26 388
23 27 951
23 31 775
23 32 416
23 41 901
23 43 98
23 44 252
24 26 428
24 29 466
24 30 164
24 35 800
24 42 787
24 45 347
24 47 76
24 48 424
24 49 968
25 26 644
25 32 407
25 34 251
25 37 323
25 38 951
25 40 493
25 43 820
25 47 72
26 30 768
26 31 144
26 32 685
26 33 250
26 34 534
26 42 901
26 49 511
27 29 588
27 33 983
27 34 247
27 36 453
27 42 794
27 45 717
27 46 449
27 47 121
28 31 530
28 37 175
28 39 698
28 41 556
28 45 75
28 48 617
29 33 312
29 36 101
29 37 826
29 41 720
29 42 412
29 43 377
29 48 338
30 31 431
30 41 142
30 42 379
30 44 31
30 47 485
30 49 777
31 32 541
31 37 198
31 39 160
31 41 40
31 43 692
31 45 720
31 49 895
32 33 490
32 34 453
32 35 891
32 37 502
32 38 263
32 41 672
32 45 374
32 49 608
33 35 611
33 37 854
33 39 610
33 40 44
33 41 576
33 42 692
33 45 658
33 48 132
33 49 702
34 35 995
34 39 719
35 43 719
35 44 644
35 47 994
36 37 205
36 44 239
36 46 127
36 47 491
36 49 814
37 42 470
37 43 512
37 47 856
37 48 60
38 40 188
38 43 381
38 44 863
38 45 371
38 47 344
38 49 12
39 42 514
39 44 748
39 45 189
39 46 229
39 49 184
40 42 439
40 45 974
41 42 324
41 43 415
41 45 227
41 47 113
41 48 94
43 49 522
44 46 208
44 48 149
45 46 828
45 47 316
46 48 678
