100 493
0 30 31
0 31 92
0 44 86
0 46 24
0 58 34
0 65 3
0 79 93
0 85 99
0 90 60
0 91 28
1 13 72
1 25 36
1 29 78
1 33 69
1 36 91
1 37 78
1 44 1
1 47 85
1 61 75
1 62 17
1 65 55
1 72 43
1 79 31
1 84 57
1 89 3
1 99 89
2 4 52
2 7 35
2 28 13
2 44 18
2 51 5
2 54 43
2 60 57
2 68 4
2 88 10
3 38 10
3 74 15
3 82 47
3 84 11
4 5 80
4 11 98
4 12 86
4 22 99
4 32 23
4 39 96
4 41 73
4 42 63
4 44 74
4 59 60
4 91 74
5 7 92
5 13 1
5 29 60
5 36 66
5 75 92
5 82 3
6 9 80
6 12 44
6 57 71
6 62 95
6 84 45
6 87 11
6 99 53
7 28 98
7 31 53
7 34 11
7 47 77
7 61 27
7 64 44
7 74 20
7 77 16
7 78 74
7 91 20
7 99 10
8 13 50
8 20 75
8 21 38
8 34 88
8 38 64
8 48 37
8 49 96
8 87 86
8 88 54
9 23 26
9 33 64
9 78 25
10 15 14
10 26 74
10 34 69
10 40 50
10 44 39
10 56 6
10 58 10
10 67 40
10 72 58
10 80 26
10 84 61
10 86 2
10 87 88
10 95 7
11 41 55
11 52 67
11 69 10
11 81 61
12 32 79
12 69 40
12 81 27
12 87 83
12 93 16
13 20 78
13 29 79
13 39 89
13 40 87
13 42 42
13 45 2
13 46 39
13 58 61
13 77 3
14 21 84
14 33 22
14 38 68
14 50 43
14 57 5
14 60 38
14 61 96
14 83 96
14 91 56
14 98 1
15 22 55
15 36 18
15 38 88
15 49 55
15 59 7
15 72 48
15 74 20
15 80 22
15 88 97
16 18 47
16 59 99
16 65 87
16 70 50
17 18 32
17 20 39
17 22 93
17 36 66
17 47 62
17 72 27
18 19 3
18 30 13
18 37 41
18 39 22
18 68 8
18 77 32
18 86 29
18 99 37
19 29 46
19 36 77
19 86 52
19 94 67
20 26 81
20 29 37
20 30 2
20 41 2
20 45 95
20 48 25
20 50 97
20 57 34
20 69 9
20 89 71
21 26 94
21 35 94
21 40 31
21 41 18
21 42 14
21 60 54
21 61 51
21 62 57
21 74 38
21 77 41
22 26 72
22 58 33
22 59 9
22 81 89
22 90 55
22 96 37
23 30 84
23 33 30
23 51 56
23 59 16
23 66 62
23 77 32
23 92 14
23 95 9
23 98 27
24 26 15
24 31 43
24 51 28
24 59 22
24 74 87
24 82 12
24 86 84
24 87 45
24 95 52
25 27 32
25 33 25
25 36 76
25 64 66
25 76 41
25 89 16
25 91 11
25 92 88
25 95 42
25 96 53
25 98 60
25 99 89
26 34 54
26 45 50
26 54 52
26 64 10
26 66 47
26 76 73
27 35 53
27 36 66
27 38 23
27 43 34
27 59 38
27 83 89
27 84 49
27 88 62
27 93 70
27 96 9
28 41 69
28 42 19
28 60 9
28 76 46
28 77 84
28 97 92
29 30 79
29 53 2
29 54 81
29 71 43
29 81 46
30 42 54
30 48 75
30 64 54
30 67 96
30 71 67
30 74 50
30 78 21
30 84 14
30 86 84
30 95 28
31 32 93
31 38 51
31 49 81
31 56 65
31 57 14
31 60 78
31 67 92
31 92 27
32 45 16
32 68 86
32 74 81
32 79 51
32 82 53
32 83 63
32 96 87
33 35 67
33 37 27
33 43 52
33 53 73
33 59 10
33 61 35
33 82 58
33 84 90
33 91 57
34 41 1
34 43 47
34 54 25
34 64 37
34 67 64
34 79 36
34 86 24
35 38 48
35 43 88
35 46 37
35 54 93
35 66 44
35 86 99
36 38 34
36 42 24
36 79 6
36 89 41
36 95 12
36 98 98
37 56 19
37 60 30
37 72 97
37 85 84
37 88 34
38 39 38
38 54 76
38 63 47
38 76 4
38 80 62
38 81 12
38 89 23
39 41 74
39 45 49
39 48 60
39 50 55
39 57 45
39 69 54
39 78 13
39 85 3
39 90 34
40 47 23
40 73 31
40 75 9
40 87 2
40 95 3
40 99 14
41 54 54
41 60 31
41 66 23
42 47 27
42 54 59
42 57 98
42 58 95
42 73 24
42 77 91
42 83 43
42 89 14
42 92 70
42 98 56
43 52 68
43 65 11
43 76 16
43 81 55
43 84 75
44 53 79
44 69 52
44 85 7
45 47 58
45 76 38
45 78 9
45 85 81
45 86 73
45 94 40
46 53 33
46 61 27
46 65 15
46 81 62
46 88 78
47 57 10
47 59 60
47 64 5
48 51 38
48 77 94
48 80 82
49 72 57
49 79 22
49 82 47
50 56 64
50 82 99
51 63 26
51 81 78
51 85 34
51 93 60
51 94 68
51 96 54
52 63 94
52 67 41
52 78 35
52 84 49
52 86 20
53 62 42
53 69 81
53 79 71
54 60 5
54 90 11
54 95 63
55 69 27
55 71 55
55 75 69
56 64 98
56 87 38
56 88 45
57 59 55
57 69 79
57 79 27
57 80 50
58 72 73
58 74 84
58 84 7
58 90 98
59 65 62
59 73 53
60 64 65
60 74 73
60 75 2
60 96 97
60 99 91
61 67 43
61 89 36
61 98 40
61 99 10
62 64 80
62 68 55
62 71 11
62 85 71
62 94 7
63 77 40
63 89 95
63 91 31
64 86 86
64 88 88
64 93 27
64 98 10
65 75 71
65 80 57
65 87 3
65 98 17
66 68 60
66 69 63
66 75 27
66 80 1
66 84 2
66 93 14
67 68 24
67 71 5
67 75 65
67 79 17
67 84 38
67 88 39
67 98 5
68 80 94
68 82 75
68 84 88
68 95 58
69 84 89
69 86 57
69 90 13
69 98 38
70 74 50
70 84 30
70 86 5
70 97 2
71 72 63
71 75 36
71 88 82
71 90 62
71 91 67
71 96 24
72 82 19
72 85 24
73 76 14
73 78 4
73 86 86
73 89 44
73 91 70
73 95 68
73 99 4
74 76 6
74 89 35
74 98 21
75 86 36
75 87 41
76 92 82
77 98 82
78 90 80
78 97 50
79 80 46
79 99 30
80 94 27
81 86 37
81 98 72
83 86 29
83 88 42
83 89 42
83 90 10
83 91 49
84 86 23
84 92 6
85 95 17
87 91 69
88 95 26
88 96 86
89 92 80
90 98 60
92 97 61
92 98 87
93 96 33
5 10
