1000 15
63 79
38 98
57 57
44 99
53 89
22 48
46 54
24 69
77 41
43 41
44 88
31 40
26 70
20 23
35 86
20 77
74 40
14 17
92 91
80 45
95 35
76 22
91 25
94 69
80 100
95 63
79 65
59 96
31 92
76 27
90 31
58 63
27 23
92 72
22 13
50 85
43 61
41 91
100 63
52 27
23 39
74 62
91 44
91 53
49 32
90 31
39 99
73 25
85 78
90 83
68 74
78 33
29 48
95 69
32 21
23 30
29 38
91 27
61 39
64 30
24 71
50 69
81 37
53 71
94 94
47 78
47 46
18 26
34 49
51 45
68 87
29 97
86 28
95 20
16 85
85 85
15 69
37 75
19 99
36 62
65 73
23 17
80 20
44 29
18 62
87 56
23 68
83 19
26 23
75 53
56 50
26 38
58 56
74 72
28 76
21 34
66 12
47 12
23 29
49 78
30 86
72 97
59 83
43 47
61 65
65 47
57 24
23 64
36 46
65 100
11 41
98 73
61 20
49 34
45 32
70 88
14 70
19 35
19 71
76 19
22 16
39 53
55 82
27 62
89 93
14 40
35 43
26 31
72 58
66 41
20 27
50 94
54 29
77 19
85 91
21 18
88 83
50 99
45 92
72 13
75 97
96 85
62 57
95 67
12 59
98 21
84 70
62 35
60 65
63 41
97 87
23 65
84 39
29 94
62 26
72 76
89 20
48 25
15 95
85 26
42 81
49 59
70 92
77 19
98 75
29 54
75 65
89 36
78 25
44 24
19 66
83 71
76 87
57 44
14 37
58 35
35 68
22 73
25 67
27 52
90 90
14 19
94 24
93 35
21 91
71 38
62 76
83 51
100 77
50 14
73 81
37 17
52 72
69 81
85 73
39 88
29 83
10 62
38 41
12 59
44 80
80 100
44 77
69 63
51 71
35 45
31 82
69 10
68 67
81 68
28 86
10 33
71 100
99 33
95 10
69 35
99 49
61 25
94 78
26 67
44 27
27 45
45 90
34 54
98 33
100 74
57 16
31 42
69 79
93 95
91 40
78 52
72 85
23 60
47 75
45 83
42 34
59 52
86 24
19 58
62 22
94 80
43 95
11 58
13 95
10 56
18 30
22 13
50 48
11 21
41 59
54 36
58 10
34 78
40 68
95 66
57 83
35 43
81 80
79 21
31 57
59 95
47 97
63 73
12 67
20 15
33 45
36 36
51 88
64 84
19 93
79 21
84 81
90 60
84 66
42 33
76 71
52 59
96 67
99 61
89 27
38 41
75 82
89 76
21 98
19 97
11 66
11 51
55 65
76 61
66 34
66 50
18 44
80 54
45 66
83 73
57 58
22 69
86 64
39 23
87 14
38 84
98 18
53 13
26 69
85 60
34 94
90 49
20 59
88 82
85 20
88 26
87 61
67 17
27 83
97 92
87 80
82 45
72 38
63 78
56 66
64 29
14 84
20 84
15 88
13 59
33 15
42 30
32 26
32 99
26 80
50 52
31 54
31 100
18 27
58 97
35 99
14 28
61 92
69 63
61 10
51 61
54 54
56 96
43 63
72 54
44 83
92 29
97 41
69 97
14 97
94 34
40 85
59 59
28 83
74 24
59 68
35 45
59 41
42 58
28 76
97 86
77 95
72 77
14 32
51 40
61 72
77 52
30 38
81 52
96 12
98 46
43 22
96 13
37 100
22 50
100 74
72 48
11 69
29 76
92 19
65 70
80 70
11 92
51 56
41 91
68 22
41 61
100 54
69 17
27 95
61 48
84 86
81 18
92 28
23 50
95 98
15 69
58 88
54 89
10 23
100 42
90 48
13 11
38 82
44 91
98 38
16 25
17 40
20 12
33 74
63 78
50 30
42 20
46 24
79 50
43 73
45 37
38 81
17 58
58 31
24 61
28 85
79 48
48 27
45 15
26 54
26 54
42 24
21 60
41 69
54 82
60 39
84 89
94 24
42 17
63 80
57 55
84 60
16 99
98 68
65 23
63 58
77 25
28 62
42 69
61 45
78 12
38 70
65 14
41 33
10 90
13 76
37 52
80 45
18 78
45 51
97 47
91 60
55 15
99 51
88 75
26 74
12 13
86 86
24 23
88 54
94 50
94 91
50 36
75 54
44 16
25 26
88 82
80 66
89 12
64 37
41 66
36 15
31 86
72 13
75 71
56 29
68 44
18 87
22 28
19 72
67 28
68 19
56 16
17 31
25 23
16 32
60 91
24 56
46 50
72 47
70 70
47 28
87 36
18 26
70 74
69 69
37 19
97 99
54 85
48 44
94 69
29 84
41 90
81 94
21 34
69 81
14 50
11 71
53 44
99 83
48 75
39 19
44 93
87 38
22 63
60 51
51 44
72 46
45 25
82 61
25 65
65 97
17 77
67 86
85 95
56 83
59 17
31 45
86 15
25 44
35 13
33 45
78 90
19 23
17 11
28 77
33 13
75 79
56 25
58 95
40 12
62 72
35 58
72 13
49 37
13 16
77 75
97 73
63 37
50 23
61 100
73 39
53 17
23 64
89 44
50 97
50 92
38 62
89 24
55 34
62 95
51 61
61 75
64 80
17 67
85 61
82 93
96 63
86 29
23 62
89 40
36 57
19 36
18 55
86 14
27 98
39 61
10 96
80 34
83 16
10 60
45 56
72 94
71 63
14 29
87 100
68 75
59 90
24 93
11 15
55 14
69 73
95 84
99 16
46 92
73 63
47 72
42 48
37 11
11 95
68 71
85 47
99 36
52 71
79 99
39 57
94 20
65 34
39 91
26 18
74 22
56 13
87 56
58 89
32 33
52 28
21 76
90 94
32 68
43 44
56 52
19 43
95 12
94 22
96 84
35 26
74 97
26 52
93 55
73 17
39 41
13 57
52 71
55 91
46 87
42 55
85 26
37 54
29 63
57 43
90 41
45 57
79 23
47 93
55 100
80 83
30 56
79 93
77 88
44 20
100 66
98 91
11 44
47 31
62 96
37 60
81 94
29 49
70 63
72 76
65 60
29 40
53 40
16 87
57 22
25 60
77 92
40 21
55 77
15 46
95 83
72 13
83 45
31 10
52 44
51 94
60 97
29 93
48 25
26 83
53 38
59 19
68 79
27 86
77 16
43 74
32 69
66 18
98 79
17 41
62 45
86 71
73 68
65 69
63 12
55 11
62 31
38 13
34 22
68 72
49 33
49 61
34 81
80 84
73 31
32 37
62 23
18 47
91 37
67 31
78 81
33 90
47 86
21 30
64 37
55 61
79 26
46 98
87 83
59 23
71 25
84 46
41 47
66 88
87 85
57 72
76 46
60 52
19 58
84 27
71 62
43 22
14 29
83 51
56 17
75 89
45 35
34 83
52 99
30 33
70 35
28 71
62 40
45 62
24 96
52 18
11 21
30 56
46 28
53 85
55 64
21 21
75 86
81 55
10 39
71 32
86 95
78 78
34 41
31 50
18 69
31 56
62 77
98 58
12 84
60 24
70 26
81 14
62 88
53 43
88 28
51 43
29 74
100 86
34 28
16 25
89 53
21 70
87 67
74 87
14 40
25 16
80 60
65 22
30 81
45 19
96 17
56 94
79 64
18 50
66 22
84 88
81 57
64 26
24 46
13 37
88 95
94 84
15 20
50 43
46 38
70 67
84 29
34 77
40 48
44 40
34 45
24 70
76 99
35 85
20 76
31 28
76 36
15 24
78 90
92 42
42 97
39 96
19 64
13 68
44 62
88 24
89 90
20 64
16 43
43 61
82 86
30 62
35 46
12 98
96 67
41 75
22 15
31 46
34 44
72 83
73 58
82 82
65 79
18 51
49 73
87 21
81 49
85 60
45 93
88 10
24 67
35 66
21 39
91 38
16 56
13 32
77 48
44 86
69 13
72 83
24 69
76 25
37 63
45 18
53 46
16 18
40 56
78 44
89 77
97 43
47 43
16 59
41 17
51 48
54 31
88 76
25 50
39 80
29 63
12 34
67 85
46 40
100 54
42 12
63 22
45 59
41 93
71 17
43 88
22 19
29 66
18 39
20 14
44 98
35 47
12 81
70 78
58 96
60 64
14 59
90 58
74 41
53 37
49 59
63 67
19 25
80 50
17 36
23 97
75 10
63 50
60 99
38 95
96 56
94 30
50 37
88 12
96 41
19 31
13 29
38 13
17 26
42 18
87 31
10 67
75 32
43 70
65 14
85 89
45 51
10 71
53 28
17 56
50 55
53 14
20 28
23 75
21 21
78 68
42 67
94 62
10 32
11 21
81 32
87 83
79 81
48 16
25 57
64 47
62 89
60 88
10 29
64 20
81 70
35 82
70 64
73 39
23 42
67 15
51 21
39 85
99 93
73 60
16 61
78 75
61 86
55 98
100 88
34 88
40 94
18 68
90 37
92 18
33 96
40 32
49 11
73 43
97 63
69 29
64 74
17 70
94 15
64 89
47 24
19 98
15 83
96 32
61 35
23 14
10 93
51 35
92 15
94 79
94 18
62 92
94 55
47 61
36244 22479
37543 27451
40052 22598
39264 26546
41700 26587
39405 27193
36736 27572
41865 24264
35296 25343
42517 27102
36829 27214
43150 27138
37522 24505
37625 25178
38348 25773
