100 5
50 49
68 18
84 42
19 98
64 35
22 60
34 100
68 74
40 56
36 75
99 63
32 84
36 48
17 55
78 29
73 80
70 52
27 26
16 89
31 28
79 18
51 31
10 95
96 17
91 21
28 37
15 65
60 51
36 96
58 45
78 90
48 64
50 97
83 29
78 21
43 45
62 61
82 45
77 24
99 58
45 37
48 85
60 16
54 66
39 72
31 58
49 10
19 71
60 48
64 97
71 33
61 90
71 30
46 85
57 93
86 54
36 31
76 82
68 95
70 94
13 69
94 23
13 56
70 18
27 85
52 54
47 48
97 97
84 52
82 47
82 34
75 45
19 78
98 87
36 53
75 52
51 68
44 20
77 85
84 80
25 41
42 57
27 13
60 14
95 15
36 95
29 50
76 55
65 75
18 49
43 99
72 84
38 54
74 20
93 12
97 84
52 82
39 30
71 73
97 96
4477 2346
4004 2618
3565 2804
3676 2359
3974 2552
